  
 Block Covariance:        1.000000000000000
  
 Estimating node index :           1           1           1
    r( 1) =  .0000  a=  1.0000  .2751  .0000  .0164  .0000  .0000  .0000  .0000 1.0000
    r( 2) =  .0000  a=   .2751 1.0000  .0000  .0000  .0000  .0000  .0000  .0000 1.0000
    r( 3) =  .0000  a=   .0000  .0000 1.0000  .0496  .0000  .0112  .0000  .0000 1.0000
    r( 4) =  .0000  a=   .0164  .0000  .0496 1.0000  .0000  .0000  .0000  .0000 1.0000
    r( 5) =  .0000  a=   .0000  .0000  .0000  .0000 1.0000  .0000  .0000  .0000 1.0000
    r( 6) =  .0000  a=   .0000  .0000  .0112  .0000  .0000 1.0000  .3563  .0000 1.0000
    r( 7) =  .0000  a=   .0000  .0000  .0000  .0000  .0000  .3563 1.0000  .0000 1.0000
    r( 8) =  .0000  a=   .0000  .0000  .0000  .0000  .0000  .0000  .0000 1.0000 1.0000
    r( 9) = 1.0000  a=  1.0000 1.0000 1.0000 1.0000 1.0000 1.0000 1.0000 1.0000  .0000
        
 BLOCK:           1           1           1 at    5.000000E-01    5.000000E-01
    5.000000E-01
        
   Lagrange :  -1.447381327491651E-001
   BLOCK EST: x,y,z,vr,wt 
       9.921      14.497        .500       1.117        .111
      14.561      13.597        .500       2.658        .114
       2.434      22.755        .500       2.504        .137
      10.307      23.296        .500        .379        .136
      29.923       9.751        .500       2.704        .145
       2.991      31.755        .500        .585        .105
       6.445      33.551        .500        .172        .107
      35.527        .849        .500        .308        .145
   estimate, variance         1.337430        1.144738
 Estimating node index :           2           1           1
    r( 1) =  .0000  a=  1.0000  .2751  .0000  .0164  .0000  .0000  .0000  .0000 1.0000
    r( 2) =  .0000  a=   .2751 1.0000  .0000  .0000  .0000  .0000  .0000  .0000 1.0000
    r( 3) =  .0000  a=   .0000  .0000 1.0000  .0496  .0000  .0112  .0000  .0000 1.0000
    r( 4) =  .0000  a=   .0164  .0000  .0496 1.0000  .0000  .0000  .0000  .0000 1.0000
    r( 5) =  .0000  a=   .0000  .0000  .0000  .0000 1.0000  .0000  .0000  .0000 1.0000
    r( 6) =  .0000  a=   .0000  .0000  .0112  .0000  .0000 1.0000  .3563  .0000 1.0000
    r( 7) =  .0000  a=   .0000  .0000  .0000  .0000  .0000  .3563 1.0000  .0000 1.0000
    r( 8) =  .0000  a=   .0000  .0000  .0000  .0000  .0000  .0000  .0000 1.0000 1.0000
    r( 9) = 1.0000  a=  1.0000 1.0000 1.0000 1.0000 1.0000 1.0000 1.0000 1.0000  .0000
        
 BLOCK:           2           1           1 at        1.500000    5.000000E-01
    5.000000E-01
        
   Lagrange :  -1.447381327491651E-001
   BLOCK EST: x,y,z,vr,wt 
       9.921      14.497        .500       1.117        .111
      14.561      13.597        .500       2.658        .114
       2.434      22.755        .500       2.504        .137
      10.307      23.296        .500        .379        .136
      29.923       9.751        .500       2.704        .145
       2.991      31.755        .500        .585        .105
       6.445      33.551        .500        .172        .107
      35.527        .849        .500        .308        .145
   estimate, variance         1.337430        1.144738
 Estimating node index :           3           1           1
    r( 1) =  .0000  a=  1.0000  .2751  .0000  .0164  .0000  .0000  .0000  .0000 1.0000
    r( 2) =  .0000  a=   .2751 1.0000  .0000  .0000  .0000  .0000  .0000  .0000 1.0000
    r( 3) =  .0000  a=   .0000  .0000 1.0000  .0496  .0000  .0112  .0000  .0000 1.0000
    r( 4) =  .0000  a=   .0164  .0000  .0496 1.0000  .0000  .0000  .0000  .0000 1.0000
    r( 5) =  .0000  a=   .0000  .0000  .0000  .0000 1.0000  .0000  .0000  .0000 1.0000
    r( 6) =  .0000  a=   .0000  .0000  .0112  .0000  .0000 1.0000  .0000  .3563 1.0000
    r( 7) =  .0000  a=   .0000  .0000  .0000  .0000  .0000  .0000 1.0000  .0000 1.0000
    r( 8) =  .0000  a=   .0000  .0000  .0000  .0000  .0000  .3563  .0000 1.0000 1.0000
    r( 9) = 1.0000  a=  1.0000 1.0000 1.0000 1.0000 1.0000 1.0000 1.0000 1.0000  .0000
        
 BLOCK:           3           1           1 at        2.500000    5.000000E-01
    5.000000E-01
        
   Lagrange :  -1.447381327491651E-001
   BLOCK EST: x,y,z,vr,wt 
       9.921      14.497        .500       1.117        .111
      14.561      13.597        .500       2.658        .114
       2.434      22.755        .500       2.504        .137
      10.307      23.296        .500        .379        .136
      29.923       9.751        .500       2.704        .145
       2.991      31.755        .500        .585        .105
      35.527        .849        .500        .308        .145
       6.445      33.551        .500        .172        .107
   estimate, variance         1.337430        1.144738
 Estimating node index :           4           1           1
    r( 1) =  .0000  a=  1.0000  .2751  .0000  .0164  .0000  .0000  .0000  .0000 1.0000
    r( 2) =  .0000  a=   .2751 1.0000  .0000  .0000  .0000  .0000  .0000  .0000 1.0000
    r( 3) =  .0000  a=   .0000  .0000 1.0000  .0496  .0000  .0112  .0000  .0000 1.0000
    r( 4) =  .0000  a=   .0164  .0000  .0496 1.0000  .0000  .0000  .0000  .0000 1.0000
    r( 5) =  .0000  a=   .0000  .0000  .0000  .0000 1.0000  .0000  .0000  .0000 1.0000
    r( 6) =  .0000  a=   .0000  .0000  .0112  .0000  .0000 1.0000  .0000  .3563 1.0000
    r( 7) =  .0000  a=   .0000  .0000  .0000  .0000  .0000  .0000 1.0000  .0000 1.0000
    r( 8) =  .0000  a=   .0000  .0000  .0000  .0000  .0000  .3563  .0000 1.0000 1.0000
    r( 9) = 1.0000  a=  1.0000 1.0000 1.0000 1.0000 1.0000 1.0000 1.0000 1.0000  .0000
        
 BLOCK:           4           1           1 at        3.500000    5.000000E-01
    5.000000E-01
        
   Lagrange :  -1.447381327491651E-001
   BLOCK EST: x,y,z,vr,wt 
       9.921      14.497        .500       1.117        .111
      14.561      13.597        .500       2.658        .114
       2.434      22.755        .500       2.504        .137
      10.307      23.296        .500        .379        .136
      29.923       9.751        .500       2.704        .145
       2.991      31.755        .500        .585        .105
      35.527        .849        .500        .308        .145
       6.445      33.551        .500        .172        .107
   estimate, variance         1.337430        1.144738
 Estimating node index :           5           1           1
    r( 1) =  .0000  a=  1.0000  .2751  .0000  .0164  .0000  .0000  .0000  .0000 1.0000
    r( 2) =  .0000  a=   .2751 1.0000  .0000  .0000  .0000  .0000  .0000  .0000 1.0000
    r( 3) =  .0000  a=   .0000  .0000 1.0000  .0496  .0000  .0000  .0112  .0000 1.0000
    r( 4) =  .0000  a=   .0164  .0000  .0496 1.0000  .0000  .0000  .0000  .0000 1.0000
    r( 5) =  .0000  a=   .0000  .0000  .0000  .0000 1.0000  .0000  .0000  .0000 1.0000
    r( 6) =  .0000  a=   .0000  .0000  .0000  .0000  .0000 1.0000  .0000  .6206 1.0000
    r( 7) =  .0000  a=   .0000  .0000  .0112  .0000  .0000  .0000 1.0000  .0000 1.0000
    r( 8) =  .0000  a=   .0000  .0000  .0000  .0000  .0000  .6206  .0000 1.0000 1.0000
    r( 9) = 1.0000  a=  1.0000 1.0000 1.0000 1.0000 1.0000 1.0000 1.0000 1.0000  .0000
        
 BLOCK:           5           1           1 at        4.500000    5.000000E-01
    5.000000E-01
        
   Lagrange :  -1.500823218510040E-001
   BLOCK EST: x,y,z,vr,wt 
       9.921      14.497        .500       1.117        .115
      14.561      13.597        .500       2.658        .118
       2.434      22.755        .500       2.504        .141
      10.307      23.296        .500        .379        .141
      29.923       9.751        .500       2.704        .150
      35.527        .849        .500        .308        .093
       2.991      31.755        .500        .585        .148
      36.998        .525        .500        .649        .093
   estimate, variance         1.432142        1.150082
 Estimating node index :           6           1           1
    r( 1) =  .0000  a=  1.0000  .2751  .0000  .0164  .0000  .0000  .0000  .0000 1.0000
    r( 2) =  .0000  a=   .2751 1.0000  .0000  .0000  .0000  .0000  .0000  .0000 1.0000
    r( 3) =  .0000  a=   .0000  .0000 1.0000  .0496  .0000  .0000  .0112  .0000 1.0000
    r( 4) =  .0000  a=   .0164  .0000  .0496 1.0000  .0000  .0000  .0000  .0000 1.0000
    r( 5) =  .0000  a=   .0000  .0000  .0000  .0000 1.0000  .0000  .0000  .0000 1.0000
    r( 6) =  .0000  a=   .0000  .0000  .0000  .0000  .0000 1.0000  .0000  .6206 1.0000
    r( 7) =  .0000  a=   .0000  .0000  .0112  .0000  .0000  .0000 1.0000  .0000 1.0000
    r( 8) =  .0000  a=   .0000  .0000  .0000  .0000  .0000  .6206  .0000 1.0000 1.0000
    r( 9) = 1.0000  a=  1.0000 1.0000 1.0000 1.0000 1.0000 1.0000 1.0000 1.0000  .0000
        
 BLOCK:           6           1           1 at        5.500000    5.000000E-01
    5.000000E-01
        
   Lagrange :  -1.500823218510040E-001
   BLOCK EST: x,y,z,vr,wt 
       9.921      14.497        .500       1.117        .115
      14.561      13.597        .500       2.658        .118
       2.434      22.755        .500       2.504        .141
      10.307      23.296        .500        .379        .141
      29.923       9.751        .500       2.704        .150
      35.527        .849        .500        .308        .093
       2.991      31.755        .500        .585        .148
      36.998        .525        .500        .649        .093
   estimate, variance         1.432142        1.150082
 Estimating node index :           7           1           1
    r( 1) =  .0000  a=  1.0000  .2751  .0000  .0164  .0000  .0000  .0000  .0000 1.0000
    r( 2) =  .0000  a=   .2751 1.0000  .0000  .0000  .0000  .0000  .0000  .0000 1.0000
    r( 3) =  .0000  a=   .0000  .0000 1.0000  .0496  .0000  .0000  .0000  .0112 1.0000
    r( 4) =  .0000  a=   .0164  .0000  .0496 1.0000  .0000  .0000  .0000  .0000 1.0000
    r( 5) =  .0000  a=   .0000  .0000  .0000  .0000 1.0000  .0000  .0000  .0000 1.0000
    r( 6) =  .0000  a=   .0000  .0000  .0000  .0000  .0000 1.0000  .6206  .0000 1.0000
    r( 7) =  .0000  a=   .0000  .0000  .0000  .0000  .0000  .6206 1.0000  .0000 1.0000
    r( 8) =  .0000  a=   .0000  .0000  .0112  .0000  .0000  .0000  .0000 1.0000 1.0000
    r( 9) = 1.0000  a=  1.0000 1.0000 1.0000 1.0000 1.0000 1.0000 1.0000 1.0000  .0000
        
 BLOCK:           7           1           1 at        6.500000    5.000000E-01
    5.000000E-01
        
   Lagrange :  -1.500823218510040E-001
   BLOCK EST: x,y,z,vr,wt 
       9.921      14.497        .500       1.117        .115
      14.561      13.597        .500       2.658        .118
       2.434      22.755        .500       2.504        .141
      10.307      23.296        .500        .379        .141
      29.923       9.751        .500       2.704        .150
      35.527        .849        .500        .308        .093
      36.998        .525        .500        .649        .093
       2.991      31.755        .500        .585        .148
   estimate, variance         1.432142        1.150082
 Estimating node index :           8           1           1
    r( 1) =  .0000  a=  1.0000  .2751  .0000  .0164  .0000  .0000  .0000  .0000 1.0000
    r( 2) =  .0000  a=   .2751 1.0000  .0000  .0000  .0000  .0000  .0000  .0000 1.0000
    r( 3) =  .0000  a=   .0000  .0000 1.0000  .0496  .0000  .0000  .0000  .0112 1.0000
    r( 4) =  .0000  a=   .0164  .0000  .0496 1.0000  .0000  .0000  .0000  .0000 1.0000
    r( 5) =  .0000  a=   .0000  .0000  .0000  .0000 1.0000  .0000  .0000  .0000 1.0000
    r( 6) =  .0000  a=   .0000  .0000  .0000  .0000  .0000 1.0000  .6206  .0000 1.0000
    r( 7) =  .0000  a=   .0000  .0000  .0000  .0000  .0000  .6206 1.0000  .0000 1.0000
    r( 8) =  .0000  a=   .0000  .0000  .0112  .0000  .0000  .0000  .0000 1.0000 1.0000
    r( 9) = 1.0000  a=  1.0000 1.0000 1.0000 1.0000 1.0000 1.0000 1.0000 1.0000  .0000
        
 BLOCK:           8           1           1 at        7.500000    5.000000E-01
    5.000000E-01
        
   Lagrange :  -1.500823218510040E-001
   BLOCK EST: x,y,z,vr,wt 
       9.921      14.497        .500       1.117        .115
      14.561      13.597        .500       2.658        .118
       2.434      22.755        .500       2.504        .141
      10.307      23.296        .500        .379        .141
      29.923       9.751        .500       2.704        .150
      35.527        .849        .500        .308        .093
      36.998        .525        .500        .649        .093
       2.991      31.755        .500        .585        .148
   estimate, variance         1.432142        1.150082
 Estimating node index :           9           1           1
    r( 1) =  .0000  a=  1.0000  .2751  .0164  .0000  .0000  .0000  .0000  .0000 1.0000
    r( 2) =  .0000  a=   .2751 1.0000  .0000  .0000  .0000  .0000  .0000  .0000 1.0000
    r( 3) =  .0000  a=   .0164  .0000 1.0000  .0496  .0000  .0000  .0000  .0000 1.0000
    r( 4) =  .0000  a=   .0000  .0000  .0496 1.0000  .0000  .0000  .0000  .0000 1.0000
    r( 5) =  .0000  a=   .0000  .0000  .0000  .0000 1.0000  .0000  .0000  .0000 1.0000
    r( 6) =  .0000  a=   .0000  .0000  .0000  .0000  .0000 1.0000  .6206  .2514 1.0000
    r( 7) =  .0000  a=   .0000  .0000  .0000  .0000  .0000  .6206 1.0000  .3089 1.0000
    r( 8) =  .0000  a=   .0000  .0000  .0000  .0000  .0000  .2514  .3089 1.0000 1.0000
    r( 9) = 1.0000  a=  1.0000 1.0000 1.0000 1.0000 1.0000 1.0000 1.0000 1.0000  .0000
        
 BLOCK:           9           1           1 at        8.500000    5.000000E-01
    5.000000E-01
        
   Lagrange :  -1.623278736499184E-001
   BLOCK EST: x,y,z,vr,wt 
       9.921      14.497        .500       1.117        .125
      14.561      13.597        .500       2.658        .128
      10.307      23.296        .500        .379        .153
       2.434      22.755        .500       2.504        .155
      29.923       9.751        .500       2.704        .162
      35.527        .849        .500        .308        .089
      36.998        .525        .500        .649        .071
      39.029       4.395        .500       2.837        .118
   estimate, variance         1.772252        1.162328
 Estimating node index :          10           1           1
    r( 1) =  .0000  a=  1.0000  .2751  .0000  .0164  .0000  .0000  .0000  .0000 1.0000
    r( 2) =  .0000  a=   .2751 1.0000  .0000  .0000  .0000  .0000  .0000  .0000 1.0000
    r( 3) =  .0000  a=   .0000  .0000 1.0000  .0000  .0000  .0000  .0000  .0000 1.0000
    r( 4) =  .0000  a=   .0164  .0000  .0000 1.0000  .0496  .0000  .0000  .0000 1.0000
    r( 5) =  .0000  a=   .0000  .0000  .0000  .0496 1.0000  .0000  .0000  .0000 1.0000
    r( 6) =  .0000  a=   .0000  .0000  .0000  .0000  .0000 1.0000  .6206  .2514 1.0000
    r( 7) =  .0000  a=   .0000  .0000  .0000  .0000  .0000  .6206 1.0000  .3089 1.0000
    r( 8) =  .0000  a=   .0000  .0000  .0000  .0000  .0000  .2514  .3089 1.0000 1.0000
    r( 9) = 1.0000  a=  1.0000 1.0000 1.0000 1.0000 1.0000 1.0000 1.0000 1.0000  .0000
        
 BLOCK:          10           1           1 at        9.500000    5.000000E-01
    5.000000E-01
        
   Lagrange :  -1.623278736499184E-001
   BLOCK EST: x,y,z,vr,wt 
       9.921      14.497        .500       1.117        .125
      14.561      13.597        .500       2.658        .128
      29.923       9.751        .500       2.704        .162
      10.307      23.296        .500        .379        .153
       2.434      22.755        .500       2.504        .155
      35.527        .849        .500        .308        .089
      36.998        .525        .500        .649        .071
      39.029       4.395        .500       2.837        .118
   estimate, variance         1.772252        1.162328
 Estimating node index :          11           1           1
    r( 1) =  .0000  a=  1.0000  .2751  .0000  .0000  .0000  .0000  .0000  .0000 1.0000
    r( 2) =  .0000  a=   .2751 1.0000  .0000  .0164  .0000  .0000  .0000  .0000 1.0000
    r( 3) =  .0000  a=   .0000  .0000 1.0000  .0000  .0000  .0000  .0000  .0000 1.0000
    r( 4) =  .0000  a=   .0000  .0164  .0000 1.0000  .0496  .0000  .0000  .0000 1.0000
    r( 5) =  .0000  a=   .0000  .0000  .0000  .0496 1.0000  .0000  .0000  .0000 1.0000
    r( 6) =  .0000  a=   .0000  .0000  .0000  .0000  .0000 1.0000  .6206  .2514 1.0000
    r( 7) =  .0000  a=   .0000  .0000  .0000  .0000  .0000  .6206 1.0000  .3089 1.0000
    r( 8) =  .0000  a=   .0000  .0000  .0000  .0000  .0000  .2514  .3089 1.0000 1.0000
    r( 9) = 1.0000  a=  1.0000 1.0000 1.0000 1.0000 1.0000 1.0000 1.0000 1.0000  .0000
        
 BLOCK:          11           1           1 at       10.500000    5.000000E-01
    5.000000E-01
        
   Lagrange :  -1.623278736499184E-001
   BLOCK EST: x,y,z,vr,wt 
      14.561      13.597        .500       2.658        .128
       9.921      14.497        .500       1.117        .125
      29.923       9.751        .500       2.704        .162
      10.307      23.296        .500        .379        .153
       2.434      22.755        .500       2.504        .155
      35.527        .849        .500        .308        .089
      36.998        .525        .500        .649        .071
      39.029       4.395        .500       2.837        .118
   estimate, variance         1.772252        1.162328
 Estimating node index :          12           1           1
    r( 1) =  .0000  a=  1.0000  .2751  .0000  .0000  .0000  .0000  .0000  .0000 1.0000
    r( 2) =  .0000  a=   .2751 1.0000  .0000  .0164  .0000  .0000  .0000  .0000 1.0000
    r( 3) =  .0000  a=   .0000  .0000 1.0000  .0000  .0000  .0000  .0000  .0000 1.0000
    r( 4) =  .0000  a=   .0000  .0164  .0000 1.0000  .0000  .0496  .0000  .0000 1.0000
    r( 5) =  .0000  a=   .0000  .0000  .0000  .0000 1.0000  .0000  .6206  .2514 1.0000
    r( 6) =  .0000  a=   .0000  .0000  .0000  .0496  .0000 1.0000  .0000  .0000 1.0000
    r( 7) =  .0000  a=   .0000  .0000  .0000  .0000  .6206  .0000 1.0000  .3089 1.0000
    r( 8) =  .0000  a=   .0000  .0000  .0000  .0000  .2514  .0000  .3089 1.0000 1.0000
    r( 9) = 1.0000  a=  1.0000 1.0000 1.0000 1.0000 1.0000 1.0000 1.0000 1.0000  .0000
        
 BLOCK:          12           1           1 at       11.500000    5.000000E-01
    5.000000E-01
        
   Lagrange :  -1.623278750577485E-001
   BLOCK EST: x,y,z,vr,wt 
      14.561      13.597        .500       2.658        .128
       9.921      14.497        .500       1.117        .125
      29.923       9.751        .500       2.704        .162
      10.307      23.296        .500        .379        .153
      35.527        .849        .500        .308        .089
       2.434      22.755        .500       2.504        .155
      36.998        .525        .500        .649        .071
      39.029       4.395        .500       2.837        .118
   estimate, variance         1.772252        1.162328
 Estimating node index :          13           1           1
    r( 1) =  .0000  a=  1.0000  .2751  .0000  .0000  .0000  .0000  .0000  .0000 1.0000
    r( 2) =  .0000  a=   .2751 1.0000  .0000  .0164  .0000  .0000  .0000  .0000 1.0000
    r( 3) =  .0000  a=   .0000  .0000 1.0000  .0000  .0000  .0000  .0000  .0000 1.0000
    r( 4) =  .0000  a=   .0000  .0164  .0000 1.0000  .0000  .0496  .0000  .0000 1.0000
    r( 5) =  .0000  a=   .0000  .0000  .0000  .0000 1.0000  .0000  .6206  .2514 1.0000
    r( 6) =  .0000  a=   .0000  .0000  .0000  .0496  .0000 1.0000  .0000  .0000 1.0000
    r( 7) =  .0000  a=   .0000  .0000  .0000  .0000  .6206  .0000 1.0000  .3089 1.0000
    r( 8) =  .0000  a=   .0000  .0000  .0000  .0000  .2514  .0000  .3089 1.0000 1.0000
    r( 9) = 1.0000  a=  1.0000 1.0000 1.0000 1.0000 1.0000 1.0000 1.0000 1.0000  .0000
        
 BLOCK:          13           1           1 at       12.500000    5.000000E-01
    5.000000E-01
        
   Lagrange :  -1.623278750577485E-001
   BLOCK EST: x,y,z,vr,wt 
      14.561      13.597        .500       2.658        .128
       9.921      14.497        .500       1.117        .125
      29.923       9.751        .500       2.704        .162
      10.307      23.296        .500        .379        .153
      35.527        .849        .500        .308        .089
       2.434      22.755        .500       2.504        .155
      36.998        .525        .500        .649        .071
      39.029       4.395        .500       2.837        .118
   estimate, variance         1.772252        1.162328
 Estimating node index :          14           1           1
    r( 1) =  .0000  a=  1.0000  .2751  .0000  .0000  .0000  .0000  .0000  .0000 1.0000
    r( 2) =  .0000  a=   .2751 1.0000  .0000  .0000  .0164  .0000  .0000  .0000 1.0000
    r( 3) =  .0000  a=   .0000  .0000 1.0000  .0000  .0000  .0000  .0000  .0000 1.0000
    r( 4) =  .0000  a=   .0000  .0000  .0000 1.0000  .0000  .6206  .0000  .2514 1.0000
    r( 5) =  .0000  a=   .0000  .0164  .0000  .0000 1.0000  .0000  .0496  .0000 1.0000
    r( 6) =  .0000  a=   .0000  .0000  .0000  .6206  .0000 1.0000  .0000  .3089 1.0000
    r( 7) =  .0000  a=   .0000  .0000  .0000  .0000  .0496  .0000 1.0000  .0000 1.0000
    r( 8) =  .0000  a=   .0000  .0000  .0000  .2514  .0000  .3089  .0000 1.0000 1.0000
    r( 9) = 1.0000  a=  1.0000 1.0000 1.0000 1.0000 1.0000 1.0000 1.0000 1.0000  .0000
        
 BLOCK:          14           1           1 at       13.500000    5.000000E-01
    5.000000E-01
        
   Lagrange :  -1.623278750577485E-001
   BLOCK EST: x,y,z,vr,wt 
      14.561      13.597        .500       2.658        .128
       9.921      14.497        .500       1.117        .125
      29.923       9.751        .500       2.704        .162
      35.527        .849        .500        .308        .089
      10.307      23.296        .500        .379        .153
      36.998        .525        .500        .649        .071
       2.434      22.755        .500       2.504        .155
      39.029       4.395        .500       2.837        .118
   estimate, variance         1.772252        1.162328
 Estimating node index :          15           1           1
    r( 1) =  .0000  a=  1.0000  .2751  .0000  .0000  .0000  .0000  .0000  .0000 1.0000
    r( 2) =  .0000  a=   .2751 1.0000  .0000  .0000  .0000  .0164  .0000  .0000 1.0000
    r( 3) =  .0000  a=   .0000  .0000 1.0000  .0000  .0000  .0000  .0000  .0000 1.0000
    r( 4) =  .0000  a=   .0000  .0000  .0000 1.0000  .6206  .0000  .2514  .0000 1.0000
    r( 5) =  .0000  a=   .0000  .0000  .0000  .6206 1.0000  .0000  .3089  .0000 1.0000
    r( 6) =  .0000  a=   .0000  .0164  .0000  .0000  .0000 1.0000  .0000  .0496 1.0000
    r( 7) =  .0000  a=   .0000  .0000  .0000  .2514  .3089  .0000 1.0000  .0000 1.0000
    r( 8) =  .0000  a=   .0000  .0000  .0000  .0000  .0000  .0496  .0000 1.0000 1.0000
    r( 9) = 1.0000  a=  1.0000 1.0000 1.0000 1.0000 1.0000 1.0000 1.0000 1.0000  .0000
        
 BLOCK:          15           1           1 at       14.500000    5.000000E-01
    5.000000E-01
        
   Lagrange :  -1.623278750577485E-001
   BLOCK EST: x,y,z,vr,wt 
      14.561      13.597        .500       2.658        .128
       9.921      14.497        .500       1.117        .125
      29.923       9.751        .500       2.704        .162
      35.527        .849        .500        .308        .089
      36.998        .525        .500        .649        .071
      10.307      23.296        .500        .379        .153
      39.029       4.395        .500       2.837        .118
       2.434      22.755        .500       2.504        .155
   estimate, variance         1.772252        1.162328
 Estimating node index :          16           1           1
    r( 1) =  .0000  a=  1.0000  .2751  .0000  .0000  .0000  .0000  .0000  .0000 1.0000
    r( 2) =  .0000  a=   .2751 1.0000  .0000  .0000  .0000  .0164  .0000  .0000 1.0000
    r( 3) =  .0000  a=   .0000  .0000 1.0000  .0000  .0000  .0000  .0000  .0000 1.0000
    r( 4) =  .0000  a=   .0000  .0000  .0000 1.0000  .6206  .0000  .2514  .0000 1.0000
    r( 5) =  .0000  a=   .0000  .0000  .0000  .6206 1.0000  .0000  .3089  .0000 1.0000
    r( 6) =  .0000  a=   .0000  .0164  .0000  .0000  .0000 1.0000  .0000  .0496 1.0000
    r( 7) =  .0000  a=   .0000  .0000  .0000  .2514  .3089  .0000 1.0000  .0000 1.0000
    r( 8) =  .0000  a=   .0000  .0000  .0000  .0000  .0000  .0496  .0000 1.0000 1.0000
    r( 9) = 1.0000  a=  1.0000 1.0000 1.0000 1.0000 1.0000 1.0000 1.0000 1.0000  .0000
        
 BLOCK:          16           1           1 at       15.500000    5.000000E-01
    5.000000E-01
        
   Lagrange :  -1.623278750577485E-001
   BLOCK EST: x,y,z,vr,wt 
      14.561      13.597        .500       2.658        .128
       9.921      14.497        .500       1.117        .125
      29.923       9.751        .500       2.704        .162
      35.527        .849        .500        .308        .089
      36.998        .525        .500        .649        .071
      10.307      23.296        .500        .379        .153
      39.029       4.395        .500       2.837        .118
       2.434      22.755        .500       2.504        .155
   estimate, variance         1.772252        1.162328
 Estimating node index :          17           1           1
    r( 1) =  .0000  a=  1.0000  .2751  .0000  .0000  .0000  .0000  .0000  .0000 1.0000
    r( 2) =  .0000  a=   .2751 1.0000  .0000  .0000  .0000  .0000  .0164  .0000 1.0000
    r( 3) =  .0000  a=   .0000  .0000 1.0000  .0000  .0000  .0000  .0000  .0000 1.0000
    r( 4) =  .0000  a=   .0000  .0000  .0000 1.0000  .6206  .2514  .0000  .0000 1.0000
    r( 5) =  .0000  a=   .0000  .0000  .0000  .6206 1.0000  .3089  .0000  .0000 1.0000
    r( 6) =  .0000  a=   .0000  .0000  .0000  .2514  .3089 1.0000  .0000  .0000 1.0000
    r( 7) =  .0000  a=   .0000  .0164  .0000  .0000  .0000  .0000 1.0000  .0496 1.0000
    r( 8) =  .0000  a=   .0000  .0000  .0000  .0000  .0000  .0000  .0496 1.0000 1.0000
    r( 9) = 1.0000  a=  1.0000 1.0000 1.0000 1.0000 1.0000 1.0000 1.0000 1.0000  .0000
        
 BLOCK:          17           1           1 at       16.500000    5.000000E-01
    5.000000E-01
        
   Lagrange :  -1.623278750577485E-001
   BLOCK EST: x,y,z,vr,wt 
      14.561      13.597        .500       2.658        .128
       9.921      14.497        .500       1.117        .125
      29.923       9.751        .500       2.704        .162
      35.527        .849        .500        .308        .089
      36.998        .525        .500        .649        .071
      39.029       4.395        .500       2.837        .118
      10.307      23.296        .500        .379        .153
       2.434      22.755        .500       2.504        .155
   estimate, variance         1.772252        1.162328
 Estimating node index :          18           1           1
    r( 1) =  .0000  a=  1.0000  .0000  .2751  .0000  .0000  .0000  .0000  .0000 1.0000
    r( 2) =  .0000  a=   .0000 1.0000  .0000  .0000  .0000  .0000  .0000  .0000 1.0000
    r( 3) =  .0000  a=   .2751  .0000 1.0000  .0000  .0000  .0000  .0164  .0000 1.0000
    r( 4) =  .0000  a=   .0000  .0000  .0000 1.0000  .6206  .2514  .0000  .0000 1.0000
    r( 5) =  .0000  a=   .0000  .0000  .0000  .6206 1.0000  .3089  .0000  .0000 1.0000
    r( 6) =  .0000  a=   .0000  .0000  .0000  .2514  .3089 1.0000  .0000  .0000 1.0000
    r( 7) =  .0000  a=   .0000  .0000  .0164  .0000  .0000  .0000 1.0000  .0496 1.0000
    r( 8) =  .0000  a=   .0000  .0000  .0000  .0000  .0000  .0000  .0496 1.0000 1.0000
    r( 9) = 1.0000  a=  1.0000 1.0000 1.0000 1.0000 1.0000 1.0000 1.0000 1.0000  .0000
        
 BLOCK:          18           1           1 at       17.500000    5.000000E-01
    5.000000E-01
        
   Lagrange :  -1.623278750577485E-001
   BLOCK EST: x,y,z,vr,wt 
      14.561      13.597        .500       2.658        .128
      29.923       9.751        .500       2.704        .162
       9.921      14.497        .500       1.117        .125
      35.527        .849        .500        .308        .089
      36.998        .525        .500        .649        .071
      39.029       4.395        .500       2.837        .118
      10.307      23.296        .500        .379        .153
       2.434      22.755        .500       2.504        .155
   estimate, variance         1.772252        1.162328
 Estimating node index :          19           1           1
    r( 1) =  .0000  a=  1.0000  .0000  .2751  .0000  .0000  .0000  .0000  .0000 1.0000
    r( 2) =  .0000  a=   .0000 1.0000  .0000  .0000  .0000  .0000  .0000  .0000 1.0000
    r( 3) =  .0000  a=   .2751  .0000 1.0000  .0000  .0000  .0000  .0164  .0000 1.0000
    r( 4) =  .0000  a=   .0000  .0000  .0000 1.0000  .6206  .2514  .0000  .0000 1.0000
    r( 5) =  .0000  a=   .0000  .0000  .0000  .6206 1.0000  .3089  .0000  .0000 1.0000
    r( 6) =  .0000  a=   .0000  .0000  .0000  .2514  .3089 1.0000  .0000  .0000 1.0000
    r( 7) =  .0000  a=   .0000  .0000  .0164  .0000  .0000  .0000 1.0000  .0496 1.0000
    r( 8) =  .0000  a=   .0000  .0000  .0000  .0000  .0000  .0000  .0496 1.0000 1.0000
    r( 9) = 1.0000  a=  1.0000 1.0000 1.0000 1.0000 1.0000 1.0000 1.0000 1.0000  .0000
        
 BLOCK:          19           1           1 at       18.500000    5.000000E-01
    5.000000E-01
        
   Lagrange :  -1.623278750577485E-001
   BLOCK EST: x,y,z,vr,wt 
      14.561      13.597        .500       2.658        .128
      29.923       9.751        .500       2.704        .162
       9.921      14.497        .500       1.117        .125
      35.527        .849        .500        .308        .089
      36.998        .525        .500        .649        .071
      39.029       4.395        .500       2.837        .118
      10.307      23.296        .500        .379        .153
       2.434      22.755        .500       2.504        .155
   estimate, variance         1.772252        1.162328
 Estimating node index :          20           1           1
    r( 1) =  .0000  a=  1.0000  .0000  .0000  .0000  .0000  .0000  .0000  .0000 1.0000
    r( 2) =  .0000  a=   .0000 1.0000  .0000  .2751  .0000  .0000  .0000  .0000 1.0000
    r( 3) =  .0000  a=   .0000  .0000 1.0000  .0000  .6206  .2514  .0000  .0000 1.0000
    r( 4) =  .0000  a=   .0000  .2751  .0000 1.0000  .0000  .0000  .0164  .0000 1.0000
    r( 5) =  .0000  a=   .0000  .0000  .6206  .0000 1.0000  .3089  .0000  .0000 1.0000
    r( 6) =  .0000  a=   .0000  .0000  .2514  .0000  .3089 1.0000  .0000  .0242 1.0000
    r( 7) =  .0000  a=   .0000  .0000  .0000  .0164  .0000  .0000 1.0000  .0000 1.0000
    r( 8) =  .0000  a=   .0000  .0000  .0000  .0000  .0000  .0242  .0000 1.0000 1.0000
    r( 9) = 1.0000  a=  1.0000 1.0000 1.0000 1.0000 1.0000 1.0000 1.0000 1.0000  .0000
        
 BLOCK:          20           1           1 at       19.500000    5.000000E-01
    5.000000E-01
        
   Lagrange :  -1.607889957619952E-001
   BLOCK EST: x,y,z,vr,wt 
      29.923       9.751        .500       2.704        .161
      14.561      13.597        .500       2.658        .127
      35.527        .849        .500        .308        .088
       9.921      14.497        .500       1.117        .123
      36.998        .525        .500        .649        .071
      39.029       4.395        .500       2.837        .113
      10.307      23.296        .500        .379        .159
      47.398       2.676        .500       2.969        .158
   estimate, variance         1.832507        1.160789
 Estimating node index :          21           1           1
    r( 1) =  .0000  a=  1.0000  .0000  .0000  .0000  .0000  .0000  .0000  .0000 1.0000
    r( 2) =  .0000  a=   .0000 1.0000  .0000  .0000  .2751  .0000  .0000  .0000 1.0000
    r( 3) =  .0000  a=   .0000  .0000 1.0000  .6206  .0000  .2514  .0000  .0000 1.0000
    r( 4) =  .0000  a=   .0000  .0000  .6206 1.0000  .0000  .3089  .0000  .0000 1.0000
    r( 5) =  .0000  a=   .0000  .2751  .0000  .0000 1.0000  .0000  .0164  .0000 1.0000
    r( 6) =  .0000  a=   .0000  .0000  .2514  .3089  .0000 1.0000  .0000  .0242 1.0000
    r( 7) =  .0000  a=   .0000  .0000  .0000  .0000  .0164  .0000 1.0000  .0000 1.0000
    r( 8) =  .0000  a=   .0000  .0000  .0000  .0000  .0000  .0242  .0000 1.0000 1.0000
    r( 9) = 1.0000  a=  1.0000 1.0000 1.0000 1.0000 1.0000 1.0000 1.0000 1.0000  .0000
        
 BLOCK:          21           1           1 at       20.500000    5.000000E-01
    5.000000E-01
        
   Lagrange :  -1.607889957619952E-001
   BLOCK EST: x,y,z,vr,wt 
      29.923       9.751        .500       2.704        .161
      14.561      13.597        .500       2.658        .127
      35.527        .849        .500        .308        .088
      36.998        .525        .500        .649        .071
       9.921      14.497        .500       1.117        .123
      39.029       4.395        .500       2.837        .113
      10.307      23.296        .500        .379        .159
      47.398       2.676        .500       2.969        .158
   estimate, variance         1.832507        1.160789
 Estimating node index :          22           1           1
    r( 1) =  .0000  a=  1.0000  .0000  .0000  .0000  .0000  .0000  .0000  .0000 1.0000
    r( 2) =  .0000  a=   .0000 1.0000  .0000  .6206  .2514  .0000  .0000  .0000 1.0000
    r( 3) =  .0000  a=   .0000  .0000 1.0000  .0000  .0000  .2751  .0000  .0000 1.0000
    r( 4) =  .0000  a=   .0000  .6206  .0000 1.0000  .3089  .0000  .0000  .0000 1.0000
    r( 5) =  .0000  a=   .0000  .2514  .0000  .3089 1.0000  .0000  .0000  .0242 1.0000
    r( 6) =  .0000  a=   .0000  .0000  .2751  .0000  .0000 1.0000  .0164  .0000 1.0000
    r( 7) =  .0000  a=   .0000  .0000  .0000  .0000  .0000  .0164 1.0000  .0000 1.0000
    r( 8) =  .0000  a=   .0000  .0000  .0000  .0000  .0242  .0000  .0000 1.0000 1.0000
    r( 9) = 1.0000  a=  1.0000 1.0000 1.0000 1.0000 1.0000 1.0000 1.0000 1.0000  .0000
        
 BLOCK:          22           1           1 at       21.500000    5.000000E-01
    5.000000E-01
        
   Lagrange :  -1.607889957619952E-001
   BLOCK EST: x,y,z,vr,wt 
      29.923       9.751        .500       2.704        .161
      35.527        .849        .500        .308        .088
      14.561      13.597        .500       2.658        .127
      36.998        .525        .500        .649        .071
      39.029       4.395        .500       2.837        .113
       9.921      14.497        .500       1.117        .123
      10.307      23.296        .500        .379        .159
      47.398       2.676        .500       2.969        .158
   estimate, variance         1.832507        1.160789
 Estimating node index :          23           1           1
    r( 1) =  .0000  a=  1.0000  .0000  .0000  .0000  .0000  .0000  .0000  .0000 1.0000
    r( 2) =  .0000  a=   .0000 1.0000  .6206  .0000  .2514  .0000  .0000  .0000 1.0000
    r( 3) =  .0000  a=   .0000  .6206 1.0000  .0000  .3089  .0000  .0000  .0000 1.0000
    r( 4) =  .0000  a=   .0000  .0000  .0000 1.0000  .0000  .2751  .0000  .0000 1.0000
    r( 5) =  .0000  a=   .0000  .2514  .3089  .0000 1.0000  .0000  .0242  .0000 1.0000
    r( 6) =  .0000  a=   .0000  .0000  .0000  .2751  .0000 1.0000  .0000  .0164 1.0000
    r( 7) =  .0000  a=   .0000  .0000  .0000  .0000  .0242  .0000 1.0000  .0000 1.0000
    r( 8) =  .0000  a=   .0000  .0000  .0000  .0000  .0000  .0164  .0000 1.0000 1.0000
    r( 9) = 1.0000  a=  1.0000 1.0000 1.0000 1.0000 1.0000 1.0000 1.0000 1.0000  .0000
        
 BLOCK:          23           1           1 at       22.500000    5.000000E-01
    5.000000E-01
        
   Lagrange :  -1.607889957619952E-001
   BLOCK EST: x,y,z,vr,wt 
      29.923       9.751        .500       2.704        .161
      35.527        .849        .500        .308        .088
      36.998        .525        .500        .649        .071
      14.561      13.597        .500       2.658        .127
      39.029       4.395        .500       2.837        .113
       9.921      14.497        .500       1.117        .123
      47.398       2.676        .500       2.969        .158
      10.307      23.296        .500        .379        .159
   estimate, variance         1.832508        1.160789
 Estimating node index :          24           1           1
    r( 1) =  .0000  a=  1.0000  .0000  .0000  .0000  .0000  .0000  .0000  .0000 1.0000
    r( 2) =  .0000  a=   .0000 1.0000  .6206  .0000  .2514  .0000  .0000  .0000 1.0000
    r( 3) =  .0000  a=   .0000  .6206 1.0000  .0000  .3089  .0000  .0000  .0000 1.0000
    r( 4) =  .0000  a=   .0000  .0000  .0000 1.0000  .0000  .2751  .0000  .0000 1.0000
    r( 5) =  .0000  a=   .0000  .2514  .3089  .0000 1.0000  .0000  .0242  .0000 1.0000
    r( 6) =  .0000  a=   .0000  .0000  .0000  .2751  .0000 1.0000  .0000  .0164 1.0000
    r( 7) =  .0000  a=   .0000  .0000  .0000  .0000  .0242  .0000 1.0000  .0000 1.0000
    r( 8) =  .0000  a=   .0000  .0000  .0000  .0000  .0000  .0164  .0000 1.0000 1.0000
    r( 9) = 1.0000  a=  1.0000 1.0000 1.0000 1.0000 1.0000 1.0000 1.0000 1.0000  .0000
        
 BLOCK:          24           1           1 at       23.500000    5.000000E-01
    5.000000E-01
        
   Lagrange :  -1.607889957619952E-001
   BLOCK EST: x,y,z,vr,wt 
      29.923       9.751        .500       2.704        .161
      35.527        .849        .500        .308        .088
      36.998        .525        .500        .649        .071
      14.561      13.597        .500       2.658        .127
      39.029       4.395        .500       2.837        .113
       9.921      14.497        .500       1.117        .123
      47.398       2.676        .500       2.969        .158
      10.307      23.296        .500        .379        .159
   estimate, variance         1.832508        1.160789
 Estimating node index :          25           1           1
    r( 1) =  .0000  a=  1.0000  .0000  .0000  .0000  .0000  .0000  .0000  .0000 1.0000
    r( 2) =  .0000  a=   .0000 1.0000  .6206  .2514  .0000  .0000  .0000  .0000 1.0000
    r( 3) =  .0000  a=   .0000  .6206 1.0000  .3089  .0000  .0000  .0000  .0000 1.0000
    r( 4) =  .0000  a=   .0000  .2514  .3089 1.0000  .0000  .0000  .0242  .0000 1.0000
    r( 5) =  .0000  a=   .0000  .0000  .0000  .0000 1.0000  .2751  .0000  .0000 1.0000
    r( 6) =  .0000  a=   .0000  .0000  .0000  .0000  .2751 1.0000  .0000  .0164 1.0000
    r( 7) =  .0000  a=   .0000  .0000  .0000  .0242  .0000  .0000 1.0000  .0000 1.0000
    r( 8) =  .0000  a=   .0000  .0000  .0000  .0000  .0000  .0164  .0000 1.0000 1.0000
    r( 9) = 1.0000  a=  1.0000 1.0000 1.0000 1.0000 1.0000 1.0000 1.0000 1.0000  .0000
        
 BLOCK:          25           1           1 at       24.500000    5.000000E-01
    5.000000E-01
        
   Lagrange :  -1.607889957619952E-001
   BLOCK EST: x,y,z,vr,wt 
      29.923       9.751        .500       2.704        .161
      35.527        .849        .500        .308        .088
      36.998        .525        .500        .649        .071
      39.029       4.395        .500       2.837        .113
      14.561      13.597        .500       2.658        .127
       9.921      14.497        .500       1.117        .123
      47.398       2.676        .500       2.969        .158
      10.307      23.296        .500        .379        .159
   estimate, variance         1.832508        1.160789
 Estimating node index :          26           1           1
    r( 1) =  .0000  a=  1.0000  .0000  .6206  .2514  .0000  .0000  .0000  .0000 1.0000
    r( 2) =  .0000  a=   .0000 1.0000  .0000  .0000  .0000  .0000  .0000  .0000 1.0000
    r( 3) =  .0000  a=   .6206  .0000 1.0000  .3089  .0000  .0000  .0000  .0000 1.0000
    r( 4) =  .0000  a=   .2514  .0000  .3089 1.0000  .0000  .0000  .0242  .0000 1.0000
    r( 5) =  .0000  a=   .0000  .0000  .0000  .0000 1.0000  .2751  .0000  .0000 1.0000
    r( 6) =  .0000  a=   .0000  .0000  .0000  .0000  .2751 1.0000  .0000  .0164 1.0000
    r( 7) =  .0000  a=   .0000  .0000  .0000  .0242  .0000  .0000 1.0000  .0000 1.0000
    r( 8) =  .0000  a=   .0000  .0000  .0000  .0000  .0000  .0164  .0000 1.0000 1.0000
